0
0
0
0
0
0
0
0
95484161
84949783
0
115986956
122311745
81761142
84621886
88467185
78535151
71708462
73808765
67968502
89272935
66118745
63223458
59124463
59278064
61039261
47994024
47387549
48703769
48006548
72582508
41401466
21375675
18684668
20288707
25247063
18079627
15768388
16553844
16712348
26395844
15877179
16749533
15435197
16989461
20723990
14727329
14071237
15872017
16734107
35881313
14268602
14133617
13165675
13179005
15126882
13283469
12834935
13896816
13257703
14139173
5589073
5061222
4629385
8467146
6175306
4905638
4246714
4088102
4418033
10915656
4298281
4997949
4879405
3903399
7865942
4184305
4159713
3809262
3909871
16875680
4018770
4024463
4082524
4180672
5091572
4031932
4288332
4826455
4957881
11047617
5899290
5468337
6271707
7367479
22867445
16647758
24582904
39853573
49567179